100,10000,1,pv,1600611460741
100,10001,1,pv,1600611460741
100,10001,1,pv,1600611460741
100,10001,1,pv,1600611460741
100,10001,1,pv,1600611460741
100,10001,1,pv,1600611460741
100,10001,1,pv,1600611460741
100,10001,1,pv,1600611460741
100,10001,1,pv,1600611460741
100,10001,1,pv,1600611460741
100,10001,1,pv,1600611460741
100,10001,1,pv,1600611460741
103,10001,1,pv,1600611460741
103,10001,1,pv,1600611460741
103,10001,1,pv,1600611460741
103,10001,1,pv,1600611460741
103,10001,1,pv,1600611460741
103,10001,1,pv,1600611460741
103,10001,1,pv,1600611460741
103,10001,1,pv,1600611460741
103,10001,1,pv,1600611460741
103,10003,1,pv,1600611460741
103,10003,1,pv,1600611460741
100,10003,1,pv,1600611460741
100,10003,1,pv,1600611460741
100,10003,1,pv,1600612460741
100,10003,1,pv,1600612460741
100,10003,1,pv,1600612460741
100,10003,1,pv,1600612460741
100,10003,1,pv,1600612460741
100,10003,1,pv,1600612460741
100,10003,1,pv,1600612460741
100,10000,1,pv,1600612460741
100,10000,1,pv,1600612460741
100,10000,1,pv,1600612460741
100,10000,1,pv,1600612460741
100,10000,1,pv,1600612460741
100,10000,1,pv,1600612460741
100,10000,1,pv,1600612460741
100,10000,1,pv,1600612460741
100,10004,1,pv,1600612460741
100,10004,1,pv,1600612460741
100,10004,1,pv,1600612460741
100,10004,1,pv,1600612460741
100,10004,1,pv,1600612460741
100,10004,1,pv,1600612460741
100,10004,1,pv,1600612460741
100,10004,1,pv,1600612460741
100,10004,1,pv,1600612460741
100,10004,1,pv,1600612460741
100,10004,1,pv,1600612460741
100,10004,1,pv,1600612460741
100,10004,1,pv,1600612460741
100,10004,1,pv,1600612460741
100,10000,1,pv,1600612460741
100,10000,1,pv,1600612460741
100,10000,1,pv,1600612460741
100,10000,1,pv,1600612460741
100,10000,1,pv,1600612460741
100,10000,1,pv,1600612460741
100,10000,1,pv,1600612460741
100,10000,1,pv,1600612460741
100,10000,1,pv,1600612460741
100,10000,1,pv,1600612460741
100,10000,1,pv,1600612460741
100,10000,1,pv,1600612460741
100,10000,1,pv,1600612460741
100,10000,1,pv,1600612460741
100,10000,1,pv,1600612460741
100,10000,1,pv,1600612460741
104,10000,1,pv,1600612460741
104,10000,1,pv,1600612460742
104,10000,1,pv,1600612460742
104,10000,1,pv,1600612460742
104,10000,1,pv,1600612460742
104,10000,1,pv,1600612460742
104,10000,1,pv,1600612460742
104,10000,1,pv,1600612460742
104,10000,1,pv,1600612460742
104,10000,1,pv,1600612460742
104,10000,1,pv,1600612460742
104,10000,1,pv,1600612460742
104,10000,1,pv,1600613460742
104,10000,1,pv,1600613460742
104,10000,1,pv,1600613460742
104,10000,1,pv,1600613460742
104,10000,1,pv,1600613460742
104,10000,1,pv,1600613460742
100,10000,1,pv,1600613460742
100,10000,1,pv,1600613460742
100,10000,1,pv,1600613460742
100,10000,1,pv,1600613460742
100,10005,1,pv,1600613460742
100,10005,1,pv,1600613460742
100,10005,1,pv,1600613460742
100,10005,1,pv,1600613460742
100,10005,1,pv,1600613460742
100,10005,1,pv,1600613460742
100,10005,1,pv,1600613460742
100,10005,1,pv,1600613460742
100,10005,1,pv,1600613460742
100,10005,1,pv,1600613460742
100,10002,1,pv,1600613460742
100,10002,1,pv,1600613460742
100,10002,1,pv,1600613460742
100,10002,1,pv,1600613460742
100,10002,1,pv,1600613460742
100,10002,1,pv,1600613460742
100,10002,1,pv,1600613460742
100,10002,1,pv,1600613460742
100,10002,1,pv,1600613460742
100,10002,1,pv,1600613460742
100,10002,1,pv,1600613460742
100,10002,1,pv,1600613460742
100,10002,1,pv,1600613460742
100,10002,1,pv,1600613460742
100,10002,1,pv,1600613460742
100,10002,1,pv,1600613460742
100,10002,1,pv,1600613460742
100,10002,1,pv,1600613460742
100,10002,1,pv,1600613460742
100,10002,1,pv,1600613460742
100,10002,1,pv,1600613460742
100,10002,1,pv,1600613460742
100,10002,1,pv,1600613460742
100,10002,1,pv,1600613460742
100,10002,1,pv,1600613460742
100,10002,1,pv,1600613460742
100,10002,1,pv,1600613460742
100,10002,1,pv,1600613460742
100,10002,1,pv,1600613460742
100,10002,1,pv,1600613460742
100,10002,1,pv,1600613460742
100,10002,1,pv,1600613460742
100,10002,1,pv,1600613460742
100,10002,1,pv,1600613460742
100,10002,1,pv,1600613460742
100,10002,1,pv,1600613460742
100,10002,1,pv,1600613460742
100,10002,1,pv,1600613460742
100,10002,1,pv,1600613460742
100,10002,1,pv,1600613460742
100,10002,1,pv,1600613460742
100,10002,1,pv,1600613460742
100,10002,1,pv,1600613460742
100,10002,1,pv,1600613460742
100,10002,1,pv,1600613460742
100,10002,1,pv,1600613460742
100,10002,1,pv,1600613460742
100,10002,1,pv,1600613460742
100,10002,1,pv,1600613460742
100,10002,1,pv,1600613460742
100,10002,1,pv,1600613460742
100,10002,1,pv,1600613460742
100,10002,1,pv,1600613460742
100,10002,1,pv,1600613460742
100,10002,1,pv,1600613460742
100,10002,1,pv,1600613460742
100,10002,1,pv,1600613460742
100,10002,1,pv,1600613460742
100,10002,1,pv,1600613460742
100,10002,1,pv,1600613460742
100,10002,1,pv,1600613460742
100,10002,1,pv,1600613460742
100,10002,1,pv,1600613460742
100,10002,1,pv,1600613460742
100,10002,1,pv,1600613460742
100,10002,1,pv,1600613460742
100,10002,1,pv,1600613460742
100,10000,1,pv,1600613460742
100,10000,1,pv,1600613460742
100,10000,1,pv,1600613460742
100,10000,1,pv,1600613460742
100,10000,1,pv,1600613460742
100,10000,1,pv,1600613460742
100,10000,1,pv,1600613460742
100,10000,1,pv,1600613460742
100,10000,1,pv,1600613460742
100,10000,1,pv,1600613460742
100,10000,1,pv,1600613460742
100,10000,1,pv,1600613460742
100,10000,1,pv,1600613460742
100,10000,1,pv,1600613460742
100,10000,1,pv,1600613460742
100,10000,1,pv,1600613460742
100,10000,1,pv,1600613460742
100,10000,1,pv,1600613460742
100,10000,1,pv,1600613460742
100,10000,1,pv,1600613460742
100,10000,1,pv,1600613460742
100,10000,1,pv,1600613460742
100,10000,1,pv,1600613460742
100,10000,1,pv,1600613460742
100,10000,1,pv,1600613460742
100,10000,1,pv,1600613460742
100,10000,1,pv,1600613460742
100,10000,1,pv,1600613460742
100,10000,1,pv,1600613460742
100,10000,1,pv,1600613460742
100,10000,1,pv,1600613460742
100,10000,1,pv,1600613460742
100,10000,1,pv,1600613460742
100,10000,1,pv,1600613460742
100,10000,1,pv,1600613460742
100,10000,1,pv,1600613460742
100,10000,1,pv,1600613460742
100,10000,1,pv,1600613460742
100,10000,1,pv,1600613460743
100,10000,1,pv,1600613460743
100,10000,1,pv,1600613460743
100,10000,1,pv,1600613460743
100,10000,1,pv,1600613460743
100,10000,1,pv,1600613460743
100,10000,1,pv,1600613460743
100,10000,1,pv,1600613460743
100,10000,1,pv,1600613460743
100,10000,1,pv,1600613460743
100,10000,1,pv,1600613460743
100,10000,1,pv,1600613460743
100,10000,1,pv,1600613460743
100,10000,1,pv,1600613460743
100,10000,1,pv,1600613460743
100,10000,1,pv,1600613460743
100,10000,1,pv,1600613460743
100,10000,1,pv,1600613460743
100,10000,1,pv,1600613460743
100,10000,1,pv,1600613460743
100,10000,1,pv,1600613460743
100,10000,1,pv,1600613460743
100,10000,1,pv,1600613460743
100,10000,1,pv,1600613460743
100,10000,1,pv,1600613460743
100,10000,1,pv,1600613460743
100,10000,1,pv,1600613460743
100,10000,1,pv,1600613460743
100,10000,1,pv,1600613460743
100,10000,1,pv,1600613460743
100,10000,1,pv,1600613460743
100,10000,1,pv,1600613460743
100,10000,1,pv,1600613460743
100,10000,1,pv,1600613460743
100,10000,1,pv,1600613460743
100,10000,1,pv,1600613460743
100,10000,1,pv,1600613460743
100,10000,1,pv,1600613460743
100,10000,1,pv,1600613460743
100,10000,1,pv,1600613460743
100,10000,1,pv,1600613460743
100,10000,1,pv,1600613460743
100,10000,1,pv,1600613460743
100,10000,1,pv,1600613460743
100,10000,1,pv,1600613460743
100,10000,1,pv,1600613460743
100,10000,1,pv,1600613460743
100,10000,1,pv,1600613460743
100,10000,1,pv,1600613460743
100,10000,1,pv,1600613460743
100,10000,1,pv,1600613460743
100,10000,1,pv,1600613460743
100,10000,1,pv,1600613460743
100,10000,1,pv,1600613460743
100,10000,1,pv,1600613460743
100,10000,1,pv,1600613460743
100,10000,1,pv,1600613460743
100,10000,1,pv,1600613460743
100,10000,1,pv,1600613460743
100,10008,1,pv,1600613460743
100,10008,1,pv,1600613460743
100,10008,1,pv,1600613460743
100,10008,1,pv,1600613460743
100,10008,1,pv,1600613460743
100,10008,1,pv,1600613460743
100,10008,1,pv,1600613460743
100,10008,1,pv,1600613460743
100,10008,1,pv,1600613460743
100,10008,1,pv,1600613460743
100,10008,1,pv,1600613460743
100,10008,1,pv,1600613460743
100,10008,1,pv,1600613460743
100,10000,1,pv,1600613460743
100,10000,1,pv,1600613460743
100,10000,1,pv,1600613460743
100,10000,1,pv,1600613460743
100,10000,1,pv,1600613460743
100,10000,1,pv,1600613460743
100,10000,1,pv,1600613460743
100,10000,1,pv,1600613460743
100,10000,1,pv,1600613460743
100,10000,1,pv,1600613460743
100,10000,1,pv,1600613460743
100,10000,1,pv,1600613460743
100,10003,1,pv,1600613460743
100,10003,1,pv,1600613460743
100,10003,1,pv,1600613460743
100,10003,1,pv,1600613460743
100,10003,1,pv,1600613460743
100,10003,1,pv,1600613460743
100,10003,1,pv,1600613460743
100,10003,1,pv,1600613460743
100,10003,1,pv,1600613460743
100,10003,1,pv,1600613460743
100,10003,1,pv,1600613460743
100,10003,1,pv,1600613460743
100,10003,1,pv,1600613460743
100,10003,1,pv,1600613460743
100,10003,1,pv,1600613460743
100,10003,1,pv,1600613460743
100,10003,1,pv,1600613460743
100,10003,1,pv,1600613460743
100,10000,1,pv,1600613460743
100,10000,1,pv,1600613460743
100,10000,1,pv,1600613460743
100,10000,1,pv,1600613460743
100,10000,1,pv,1600613460743
100,10000,1,pv,1600613460744
100,10000,1,pv,1600613460744
100,10000,1,pv,1600613460744
100,10000,1,pv,1600613460744
100,10000,1,pv,1600613460744
100,10000,1,pv,1600613460744
100,10000,1,pv,1600613460744
100,10000,1,pv,1600613460744
100,10000,1,pv,1600613460744
100,10000,1,pv,1600613460744
100,10000,1,pv,1600613460744
100,10000,1,pv,1600613460744
100,10003,1,pv,1600613460744
100,10003,1,pv,1600613460744
100,10003,1,pv,1600613460744
100,10003,1,pv,1600613460744
100,10003,1,pv,1600613460744
100,10003,1,pv,1600613460744
100,10003,1,pv,1600613460744
100,10003,1,pv,1600613460744
100,10003,1,pv,1600613460744
100,10003,1,pv,1600613460744
100,10003,1,pv,1600613460744
100,10003,1,pv,1600613460744
100,10003,1,pv,1600613460744
100,10003,1,pv,1600613460744
100,10003,1,pv,1600613460744
100,10003,1,pv,1600613460744
100,10007,1,pv,1600613460744
100,10007,1,pv,1600613460744
100,10007,1,pv,1600613460744
100,10007,1,pv,1600613460744
100,10007,1,pv,1600613460744
100,10007,1,pv,1600613460744
100,10007,1,pv,1600613460744
100,10007,1,pv,1600613460744
100,10007,1,pv,1600613460744
100,10007,1,pv,1600613460744
100,10007,1,pv,1600613460744
100,10007,1,pv,1600613460744
100,10007,1,pv,1600613460744
100,10007,1,pv,1600613460744
100,10007,1,pv,1600613460744
100,10007,1,pv,1600613460744
100,10007,1,pv,1600613460744
100,10000,1,pv,1600613460744
100,10000,1,pv,1600613460744
100,10000,1,pv,1600613460744
100,10000,1,pv,1600613460744
100,10000,1,pv,1600613460744
100,10000,1,pv,1600613460744
100,10000,1,pv,1600613460744
100,10000,1,pv,1600613460744
100,10000,1,pv,1600613460744
100,10000,1,pv,1600613460744
100,10000,1,pv,1600613460744
100,10000,1,pv,1600613460744
100,10000,1,pv,1600613460744
100,10000,1,pv,1600613460744
100,10000,1,pv,1600613460744
100,10000,1,pv,1600613460744
100,10000,1,pv,1600613460744
100,10000,1,pv,1600613460744
100,10000,1,pv,1600613460744
100,10000,1,pv,1600613460744
100,10000,1,pv,1600613460744
100,10000,1,pv,1600613460744
100,10000,1,pv,1600613460744
100,10000,1,pv,1600613460744
100,10000,1,pv,1600613460744
100,10000,1,pv,1600613460744
100,10000,1,pv,1600613460744
100,10000,1,pv,1600613460744
100,10000,1,pv,1600613460744
100,10000,1,pv,1600613460744
100,10000,1,pv,1600613460744
100,10000,1,pv,1600613460744
100,10000,1,pv,1600613460744
100,10000,1,pv,1600613460744
100,10000,1,pv,1600613460744
100,10000,1,pv,1600613460744
100,10000,1,pv,1600613460744
100,10000,1,pv,1600613460744
100,10009,1,pv,1600613460744
100,10009,1,pv,1600613460744
100,10009,1,pv,1600613460744
100,10009,1,pv,1600613460744
100,10009,1,pv,1600613460744
100,10009,1,pv,1600613460744
100,10009,1,pv,1600613460744
100,10009,1,pv,1600613460744
100,10009,1,pv,1600613460744
100,10009,1,pv,1600613460744
100,10009,1,pv,1600613460744
100,10009,1,pv,1600613460744
100,10009,1,pv,1600613460744
100,10009,1,pv,1600613460744
100,10009,1,pv,1600613460744
100,10009,1,pv,1600613460744
100,10009,1,pv,1600613460744
100,10009,1,pv,1600613460744
100,10000,1,pv,1600613460744
100,10000,1,pv,1600613460744
100,10000,1,pv,1600613460744
100,10000,1,pv,1600613460744
100,10000,1,pv,1600613460744
100,10000,1,pv,1600613460744
100,10000,1,pv,1600613460744
100,10000,1,pv,1600613460744
100,10000,1,pv,1600613460744
100,10000,1,pv,1600613460744
100,10000,1,pv,1600613460744
100,10000,1,pv,1600613460744
100,10000,1,pv,1600613460744
100,10000,1,pv,1600613460744
100,10000,1,pv,1600613460744
100,10000,1,pv,1600613460744
100,10000,1,pv,1600613460744
100,10000,1,pv,1600613460744
100,10000,1,pv,1600613460744
100,10000,1,pv,1600613460744
100,10000,1,pv,1600613460744
100,10000,1,pv,1600613460744
100,10000,1,pv,1600613460744
100,10000,1,pv,1600613460744
100,10000,1,pv,1600613460744
100,10000,1,pv,1600613460744
100,10000,1,pv,1600613460744
100,10000,1,pv,1600613460744
100,10000,1,pv,1600613460744
100,10000,1,pv,1600613460744
100,10000,1,pv,1600613460744
100,10000,1,pv,1600613460744
100,10002,1,pv,1600613460744
100,10002,1,pv,1600613460744
100,10002,1,pv,1600613460744
100,10002,1,pv,1600613460744
100,10002,1,pv,1600613460744
100,10002,1,pv,1600613460744
100,10002,1,pv,1600613460744
100,10002,1,pv,1600613460744
100,10002,1,pv,1600613460744
100,10002,1,pv,1600613460744
100,10002,1,pv,1600613460744
100,10002,1,pv,1600613460744
100,10002,1,pv,1600613460744
100,10002,1,pv,1600613460744
100,10002,1,pv,1600613460744
100,10002,1,pv,1600613460744
100,10002,1,pv,1600613460744
100,10002,1,pv,1600613460744
100,10002,1,pv,1600613460744
100,10002,1,pv,1600613460744
100,10000,1,pv,1600613460744
100,10000,1,pv,1600613460744
100,10000,1,pv,1600613460744
100,10000,1,pv,1600613460744
100,10000,1,pv,1600613460744
100,10000,1,pv,1600613460744
100,10000,1,pv,1600613460744
100,10000,1,pv,1600613460744
100,10000,1,pv,1600613460744
100,10000,1,pv,1600613460744
100,10000,1,pv,1600613460744
100,10001,1,pv,1600613460744
100,10001,1,pv,1600613460744
100,10001,1,pv,1600613460744
100,10001,1,pv,1600613460744
100,10001,1,pv,1600613460744
100,10001,1,pv,1600613460744
100,10001,1,pv,1600613460744
100,10001,1,pv,1600613460745
100,10001,1,pv,1600613460745
100,10001,1,pv,1600613460745
100,10001,1,pv,1600613460745
100,10001,1,pv,1600613460745
100,10001,1,pv,1600613460745
100,10001,1,pv,1600613460745
100,10001,1,pv,1600613460745
100,10001,1,pv,1600613460745
100,10001,1,pv,1600613460745
100,10001,1,pv,1600613460745
100,10001,1,pv,1600613460745
100,10001,1,pv,1600613460745
100,10001,1,pv,1600613460747
100,10001,1,pv,1600613460747
100,10001,1,pv,1600613460747
100,10001,1,pv,1600613460747
100,10001,1,pv,1600613460747
100,10001,1,pv,1600613460747
100,10001,1,pv,1600613460747
100,10001,1,pv,1600613460747
100,10001,1,pv,1600613460747
100,10001,1,pv,1600613460747
100,10000,1,pv,1600613460747
100,10000,1,pv,1600613460747
100,10004,1,pv,1600613460747
100,10004,1,pv,1600613460747
100,10004,1,pv,1600613460747
100,10004,1,pv,1600613460747
100,10004,1,pv,1600613460747
100,10004,1,pv,1600613460747
100,10004,1,pv,1600613460747
100,10004,1,pv,1600613460747
100,10004,1,pv,1600613460747
100,10000,1,pv,1600613460747
100,10000,1,pv,1600613460747
100,10000,1,pv,1600613460747
100,10000,1,pv,1600613460747
100,10000,1,pv,1600613460747
100,10005,1,pv,1600613460747
100,10005,1,pv,1600613460747
100,10005,1,pv,1600613460747
100,10005,1,pv,1600613460747
100,10005,1,pv,1600613460747
100,10005,1,pv,1600613460747
100,10005,1,pv,1600613460747
100,10005,1,pv,1600613460747
100,10005,1,pv,1600613460747
100,10005,1,pv,1600613460747
100,10005,1,pv,1600613460747
100,10005,1,pv,1600613460747
100,10005,1,pv,1600613460748
100,10005,1,pv,1600613460748
100,10005,1,pv,1600613460748
100,10005,1,pv,1600613460748
100,10005,1,pv,1600613460748
100,10005,1,pv,1600613460748
100,10005,1,pv,1600613460748
100,10000,1,pv,1600613460748
100,10000,1,pv,1600613460748
100,10000,1,pv,1600613460748
100,10000,1,pv,1600613460748
100,10000,1,pv,1600613460748
100,10000,1,pv,1600613460748
100,10000,1,pv,1600613460748
100,10000,1,pv,1600613460748
100,10000,1,pv,1600613460748
100,10000,1,pv,1600613460748
100,10000,1,pv,1600613460748
100,10000,1,pv,1600613460748
100,10000,1,pv,1600613460748
100,10000,1,pv,1600613460748
100,10000,1,pv,1600613460748
100,10000,1,pv,1600613460748
100,10000,1,pv,1600613460748
100,10000,1,pv,1600613460748
100,10000,1,pv,1600613460748
100,10000,1,pv,1600613460748
100,10000,1,pv,1600613460748
100,10000,1,pv,1600613460748
100,10000,1,pv,1600613460748
100,10000,1,pv,1600613460748
100,10000,1,pv,1600613460748
100,10000,1,pv,1600613460748
100,10000,1,pv,1600613460748
100,10000,1,pv,1600613460748
100,10000,1,pv,1600613460748
100,10000,1,pv,1600613460748
100,10000,1,pv,1600613460748
100,10000,1,pv,1600613460748
100,10000,1,pv,1600613460748
100,10000,1,pv,1600613460748
100,10002,1,pv,1600613460748
100,10002,1,pv,1600613460748
100,10002,1,pv,1600613460748
100,10002,1,pv,1600613460748
100,10002,1,pv,1600613460748
100,10002,1,pv,1600613460748
100,10002,1,pv,1600613460748
100,10002,1,pv,1600613460748
100,10002,1,pv,1600613460748
100,10002,1,pv,1600613460748
100,10002,1,pv,1600613460748
100,10002,1,pv,1600613460748
100,10002,1,pv,1600613460748
100,10002,1,pv,1600613460748
100,10002,1,pv,1600613460748
100,10002,1,pv,1600613460748
100,10002,1,pv,1600613460748
100,10002,1,pv,1600613460748
100,10002,1,pv,1600613460748
100,10002,1,pv,1600613460748
100,10002,1,pv,1600613460748
100,10002,1,pv,1600613460748
100,10002,1,pv,1600613460748
100,10002,1,pv,1600613460748
100,10002,1,pv,1600613460748
100,10002,1,pv,1600613460748
100,10002,1,pv,1600613460748
100,10002,1,pv,1600613460748
100,10002,1,pv,1600613460748
100,10002,1,pv,1600613460748
100,10002,1,pv,1600613460748
100,10002,1,pv,1600613460748
100,10002,1,pv,1600613460748
100,10002,1,pv,1600613460748
100,10002,1,pv,1600613460748
100,10002,1,pv,1600613460748
100,10002,1,pv,1600613460748
100,10002,1,pv,1600613460748
100,10002,1,pv,1600613460748
100,10002,1,pv,1600613460748
100,10002,1,pv,1600613460748
100,10002,1,pv,1600613460748
100,10002,1,pv,1600613460748
100,10002,1,pv,1600613460748
100,10002,1,pv,1600613460748
100,10002,1,pv,1600613460748
100,10002,1,pv,1600613460748
100,10002,1,pv,1600613460748
100,10002,1,pv,1600613460748
100,10002,1,pv,1600613460748
100,10002,1,pv,1600613460748
100,10002,1,pv,1600613460748
100,10002,1,pv,1600613460748
100,10002,1,pv,1600613460748
100,10002,1,pv,1600613460748
100,10000,1,pv,1600613460748
100,10000,1,pv,1600613460748
100,10000,1,pv,1600613460748
100,10000,1,pv,1600613460748
100,10000,1,pv,1600613460748
100,10000,1,pv,1600613460748
100,10000,1,pv,1600613460748
100,10000,1,pv,1600613460748
100,10000,1,pv,1600613460748
100,10000,1,pv,1600613460748
100,10000,1,pv,1600613460748
100,10000,1,pv,1600613460748
100,10000,1,pv,1600613460748
100,10000,1,pv,1600613460748
100,10000,1,pv,1600613460748
100,10000,1,pv,1600613460748
100,10000,1,pv,1600613460748
100,10000,1,pv,1600613460748
100,10000,1,pv,1600613460748
100,10000,1,pv,1600613460748
100,10000,1,pv,1600613460748
100,10000,1,pv,1600613460748
100,10000,1,pv,1600613460748
100,10000,1,pv,1600613460748
100,10000,1,pv,1600613460748
100,10000,1,pv,1600613460748
100,10000,1,pv,1600613460748
100,10000,1,pv,1600613460748
100,10000,1,pv,1600613460748
100,10000,1,pv,1600613460748
100,10000,1,pv,1600613460748
100,10000,1,pv,1600613460748
100,10000,1,pv,1600613460748
100,10000,1,pv,1600613460748
100,10000,1,pv,1600613460748
100,10000,1,pv,1600613460748
100,10000,1,pv,1600613460748
100,10000,1,pv,1600613460748
100,10000,1,pv,1600613460748
100,10000,1,pv,1600613460748
100,10000,1,pv,1600613460748
100,10000,1,pv,1600613460748
100,10000,1,pv,1600613460748
100,10000,1,pv,1600613460748
100,10000,1,pv,1600613460748
100,10000,1,pv,1600613460748
100,10000,1,pv,1600613460748
100,10000,1,pv,1600613460748
100,10000,1,pv,1600613460748
100,10000,1,pv,1600613460748
100,10000,1,pv,1600613460748
100,10000,1,pv,1600613460748
100,10000,1,pv,1600613460748
100,10000,1,pv,1600613460748
100,10000,1,pv,1600613460748
100,10000,1,pv,1600613460748
100,10000,1,pv,1600613460748
100,10000,1,pv,1600613460748
100,10000,1,pv,1600613460748
100,10000,1,pv,1600613460748
100,10000,1,pv,1600613460748
100,10000,1,pv,1600613460748
100,10000,1,pv,1600613460748
100,10000,1,pv,1600613460749
100,10000,1,pv,1600613460749
100,10000,1,pv,1600613460749
100,10000,1,pv,1600613460749
100,10000,1,pv,1600613460749
100,10000,1,pv,1600613460749
100,10000,1,pv,1600613460749
100,10000,1,pv,1600613460749
100,10000,1,pv,1600613460749
100,10000,1,pv,1600613460749
100,10000,1,pv,1600613460749
100,10000,1,pv,1600613460749
100,10000,1,pv,1600613460749
100,10000,1,pv,1600613460749
100,10000,1,pv,1600613460749
100,10000,1,pv,1600613460749
100,10000,1,pv,1600613460749
100,10000,1,pv,1600613460749
100,10000,1,pv,1600613460749
100,10000,1,pv,1600613460749
100,10000,1,pv,1600613460749
100,10000,1,pv,1600613460749
100,10000,1,pv,1600613460749
100,10000,1,pv,1600613460749
100,10000,1,pv,1600613460749
100,10000,1,pv,1600613460749
100,10000,1,pv,1600613460749
100,10000,1,pv,1600613460749
100,10000,1,pv,1600613460749
100,10000,1,pv,1600613460749
100,10000,1,pv,1600613460749
100,10000,1,pv,1600613460749
100,10000,1,pv,1600613460749
100,10000,1,pv,1600613460749
100,10000,1,pv,1600613460749
100,10000,1,pv,1600613460749
100,10000,1,pv,1600613460749
100,10000,1,pv,1600613460749
100,10000,1,pv,1600613460749
100,10000,1,pv,1600613460749
100,10000,1,pv,1600613460749
100,10000,1,pv,1600613460749
100,10000,1,pv,1600613460749
100,10000,1,pv,1600613460749
100,10000,1,pv,1600613460749
100,10000,1,pv,1600613460749
100,10000,1,pv,1600613460749
100,10000,1,pv,1600613460749
100,10000,1,pv,1600613460749
100,10000,1,pv,1600613460749
100,10000,1,pv,1600613460749
100,10000,1,pv,1600613460749
100,10000,1,pv,1600613460749
100,10000,1,pv,1600613460749
100,10000,1,pv,1600613460749
100,10000,1,pv,1600613460749
100,10000,1,pv,1600613460749
100,10000,1,pv,1600613460749
100,10000,1,pv,1600613460749
100,10000,1,pv,1600613460749
100,10000,1,pv,1600613460749
100,10000,1,pv,1600613460749
100,10000,1,pv,1600613460749
100,10000,1,pv,1600613460749
100,10000,1,pv,1600613460749
100,10000,1,pv,1600613460749
100,10000,1,pv,1600613460749
100,10000,1,pv,1600613460749
100,10000,1,pv,1600613460749
100,10000,1,pv,1600613460749
100,10000,1,pv,1600613460749
100,10000,1,pv,1600613460749
100,10000,1,pv,1600613460749
100,10000,1,pv,1600613460749
100,10000,1,pv,1600613460749
100,10000,1,pv,1600613460749
100,10000,1,pv,1600613460749
100,10000,1,pv,1600613460749
100,10000,1,pv,1600613460749
100,10000,1,pv,1600613460749
100,10000,1,pv,1600613460749
100,10000,1,pv,1600613460749
100,10000,1,pv,1600613460749
100,10000,1,pv,1600613460749
100,10000,1,pv,1600613460749
100,10000,1,pv,1600613460749
100,10000,1,pv,1600613460749
100,10000,1,pv,1600613460749
100,10000,1,pv,1600613460749
100,10000,1,pv,1600613460749
100,10000,1,pv,1600613460749
100,10000,1,pv,1600613460749
100,10000,1,pv,1600613460749
100,10000,1,pv,1600613460749
100,10000,1,pv,1600613460749
100,10000,1,pv,1600613460749
100,10000,1,pv,1600613460749
100,10000,1,pv,1600613460749
100,10000,1,pv,1600613460749
100,10000,1,pv,1600613460749
100,10000,1,pv,1600613460749
100,10000,1,pv,1600613460749
100,10000,1,pv,1600613460749
100,10000,1,pv,1600613460749
100,10000,1,pv,1600613460749
100,10000,1,pv,1600613460749
100,10000,1,pv,1600613460749
100,10000,1,pv,1600613460749
100,10000,1,pv,1600613460749
100,10000,1,pv,1600613460749
100,10000,1,pv,1600613460749
100,10000,1,pv,1600613460749
100,10000,1,pv,1600613460749
100,10000,1,pv,1600613460749
100,10000,1,pv,1600613460749
100,10000,1,pv,1600613460749
100,10000,1,pv,1600613460749
100,10000,1,pv,1600613460749
100,10000,1,pv,1600613460749
100,10000,1,pv,1600613460749
100,10000,1,pv,1600613460749
100,10000,1,pv,1600613460749
100,10000,1,pv,1600613460749
100,10000,1,pv,1600613460749
100,10000,1,pv,1600613460749
100,10000,1,pv,1600613460749
100,10000,1,pv,1600613460749
100,10000,1,pv,1600613460749
100,10000,1,pv,1600613460749
100,10000,1,pv,1600613460749
100,10000,1,pv,1600613460749
100,10000,1,pv,1600613460749
100,10000,1,pv,1600613460749
100,10000,1,pv,1600613460749
100,10000,1,pv,1600613460749
100,10000,1,pv,1600613460749
100,10000,1,pv,1600613460749
100,10000,1,pv,1600613460749
100,10000,1,pv,1600613460749
100,10000,1,pv,1600613460749
100,10000,1,pv,1600613460749
100,10000,1,pv,1600613460749
100,10000,1,pv,1600613460749
100,10000,1,pv,1600613460749
100,10000,1,pv,1600613460749
100,10005,1,pv,1600613460749
100,10005,1,pv,1600613460749
100,10005,1,pv,1600613460749
100,10005,1,pv,1600613460749
100,10005,1,pv,1600613460749
100,10005,1,pv,1600613460749
100,10005,1,pv,1600613460749
100,10005,1,pv,1600613460749
100,10005,1,pv,1600613460749
100,10005,1,pv,1600613460749
100,10005,1,pv,1600613460749
100,10005,1,pv,1600613460749
100,10005,1,pv,1600613460749
100,10005,1,pv,1600613460749
100,10005,1,pv,1600613460749
100,10005,1,pv,1600613460749
100,10005,1,pv,1600613460749
100,10005,1,pv,1600613460749
100,10005,1,pv,1600613460749
100,10005,1,pv,1600613460749
100,10005,1,pv,1600613460749
100,10005,1,pv,1600613460749
100,10005,1,pv,1600613460749
100,10000,1,pv,1600613460749
100,10000,1,pv,1600613460749
100,10000,1,pv,1600613460749
100,10000,1,pv,1600613460749
100,10000,1,pv,1600613460749
100,10000,1,pv,1600613460749
100,10000,1,pv,1600613460749
100,10000,1,pv,1600613460749
100,10000,1,pv,1600613460749
100,10000,1,pv,1600613460749
100,10000,1,pv,1600613460749
100,10000,1,pv,1600613460749
100,10000,1,pv,1600613460749
100,10000,1,pv,1600613460749
100,10000,1,pv,1600613460749
100,10000,1,pv,1600613460749
100,10000,1,pv,1600613460749
100,10000,1,pv,1600613460749
100,10000,1,pv,1600613460749
100,10000,1,pv,1600613460749
100,10000,1,pv,1600613460749
100,10000,1,pv,1600613460749
100,10000,1,pv,1600613460749
100,10000,1,pv,1600613460749
100,10000,1,pv,1600613460749
100,10000,1,pv,1600613460749
100,10000,1,pv,1600613460749
100,10000,1,pv,1600613460749
100,10000,1,pv,1600613460749
100,10000,1,pv,1600613460749
100,10000,1,pv,1600613460749
100,10000,1,pv,1600613460749
100,10000,1,pv,1600613460749
100,10000,1,pv,1600613460749
100,10000,1,pv,1600613460749
100,10000,1,pv,1600613460749
100,10000,1,pv,1600613460749
100,10000,1,pv,1600613460749
100,10000,1,pv,1600613460749
100,10000,1,pv,1600613460749
100,10000,1,pv,1600613460749
100,10000,1,pv,1600613460749
100,10000,1,pv,1600613460749
100,10000,1,pv,1600613460749
100,10000,1,pv,1600613460749
100,10000,1,pv,1600613460749
100,10000,1,pv,1600613460749
100,10000,1,pv,1600613460749
100,10000,1,pv,1600613460749
100,10000,1,pv,1600613460749
100,10000,1,pv,1600613460749
100,10000,1,pv,1600613460749
100,10000,1,pv,1600613460749
100,10000,1,pv,1600613460749
100,10000,1,pv,1600613460749
100,10000,1,pv,1600613460749
100,10000,1,pv,1600613460749
100,10007,1,pv,1600613460749
100,10007,1,pv,1600613460749
100,10007,1,pv,1600613460749
100,10007,1,pv,1600613460749
100,10007,1,pv,1600613460749
100,10007,1,pv,1600613460749
100,10007,1,pv,1600613460749
100,10007,1,pv,1600613460749
100,10007,1,pv,1600613460749
100,10007,1,pv,1600613460749
100,10007,1,pv,1600613460749
100,10007,1,pv,1600613460749
100,10007,1,pv,1600613460749
100,10007,1,pv,1600613460749
100,10007,1,pv,1600613460749
100,10007,1,pv,1600613460749
100,10007,1,pv,1600613460749
100,10007,1,pv,1600613460749
100,10007,1,pv,1600613460749
100,10007,1,pv,1600613460749
100,10007,1,pv,1600613460749
100,10007,1,pv,1600613460749
100,10007,1,pv,1600613460749
100,10007,1,pv,1600613460749
100,10007,1,pv,1600613460749
100,10007,1,pv,1600613460749
100,10007,1,pv,1600613460749
100,10007,1,pv,1600613460749
100,10007,1,pv,1600613460749
100,10000,1,pv,1600613460749
100,10000,1,pv,1600613460749
100,10000,1,pv,1600613460749
100,10000,1,pv,1600613460749
100,10000,1,pv,1600613460749
100,10000,1,pv,1600613460749
100,10000,1,pv,1600613460749
100,10000,1,pv,1600613460749
100,10000,1,pv,1600613460749
100,10000,1,pv,1600613460749
100,10000,1,pv,1600613460749
100,10000,1,pv,1600613460749
100,10000,1,pv,1600613460749
100,10000,1,pv,1600613460749
100,10000,1,pv,1600613460749
100,10000,1,pv,1600613460749
100,10000,1,pv,1600613460749
100,10000,1,pv,1600613460749
100,10000,1,pv,1600613460749
100,10000,1,pv,1600613460749
100,10000,1,pv,1600613460749
100,10000,1,pv,1600613460749
100,10000,1,pv,1600613460749
100,10008,1,pv,1600613460749
100,10008,1,pv,1600613460749
100,10008,1,pv,1600613460749
100,10008,1,pv,1600613460749
100,10008,1,pv,1600613460749
100,10008,1,pv,1600613460749
100,10008,1,pv,1600613460749
100,10008,1,pv,1600613460749
100,10008,1,pv,1600613460749
100,10008,1,pv,1600613460749
100,10008,1,pv,1600613460750
100,10008,1,pv,1600614460750
100,10008,1,pv,1600614460750
100,10003,1,pv,1600614460750
100,10003,1,pv,1600614460750
100,10003,1,pv,1600614460750
100,10003,1,pv,1600614460750
100,10003,1,pv,1600614460750
100,10003,1,pv,1600614460750
100,10003,1,pv,1600614460750
100,10003,1,pv,1600614460750
100,10003,1,pv,1600614460750
100,10003,1,pv,1600614460750
100,10003,1,pv,1600614460750
100,10003,1,pv,1600614460750
100,10003,1,pv,1600614460750
100,10003,1,pv,1600614460750
100,10003,1,pv,1600614460750
